36 100
37 101
38 102
39 103
40 104
41 105
42 106
43 107
44 108
45 109
46 110
47 111
48 112
49 113
50 114
51 115
52 116
53 117
54 118
55 119
56 120
57 121
58 122
59 123
60 124
61 125
62 126
63 127
64 128
65 129
66 130
67 131
68 132
69 133
70 134
71 135
72 136
73 137
74 138
75 139
76 140
77 141
78 142
79 143
80 144
81 145
82 146
83 147
84 148
85 149
86 150
87 151
88 152
89 153
90 154
91 155
92 156
93 157
94 158
95 159
96 160
97 161
98 162
99 163
100 164
101 165
102 166
103 167
104 168
105 169
106 170
107 171
108 172
109 173
110 174
111 175
112 176
113 177
114 178
115 179
116 180
117 181
118 182
119 183
120 184
121 185
122 186
123 187
124 188
125 189
126 190
127 191
128 192
129 193
130 194
131 195
132 196
133 197
134 198
135 199
136 200
137 201
138 202
139 203
140 204
141 205
142 206
143 207
144 208
145 209
146 210
147 211
148 212
149 213
150 214
151 215
152 216
153 217
154 218
155 219
156 220
157 221
158 222
159 223
160 224
161 225
162 226
163 227
164 228
165 229
166 230
167 231
168 232
169 233
170 234
171 235
172 236
173 237
174 238
175 239
176 240
177 241
178 242
179 243
180 244
181 245
182 246
183 247
184 248
185 249
186 250
187 251
188 252
189 253
190 254
191 255
192 256
193 257
194 258
195 259
196 260
197 261
198 262
199 263
200 264
201 265
202 266
203 267
204 268
205 269
206 270
207 271
208 272
209 273
210 274
211 275
212 276
213 277
214 278
215 279
216 280
217 281
218 282
219 283
220 284
221 285
222 286
223 287
224 288
225 289
226 290
227 291
228 292
229 293
230 294
231 295
232 296
233 297
234 298
235 299
236 300
237 301
238 302
239 303
240 304
241 305
242 306
243 307
244 308
245 309
246 310
247 311
248 312
249 313
250 314
251 315
252 316
253 317
254 318
255 319
256 320
257 321
258 322
259 323
260 324
261 325
262 326
263 327
264 328
265 329
266 330
267 331
268 332
269 333
270 334
271 335
272 336
273 337
274 338
275 339
276 340
277 341
278 342
279 343
280 344
281 345
282 346
283 347
284 348
285 349
286 350
287 351
288 352
289 353
290 354
291 355
292 356
293 357
294 358
295 359
296 360
297 361
298 362
299 363
300 364
301 365
302 366
303 367
304 368
305 369
306 370
307 371
308 372
309 373
310 374
311 375
312 376
313 377
314 378
315 379
316 380
317 381
318 382
319 383
320 384
321 385
322 386
323 387
324 388
325 389
326 390
327 391
328 392
329 393
330 394
331 395
332 396
333 397
334 398
335 399
341 400
342 401
343 402
344 403
345 404
346 405
347 406
348 407
349 408
350 409
351 410
352 411
353 412
354 413
355 414
356 415
357 416
358 417
359 418
360 419
361 420
362 421
363 422
364 423
365 424
366 425
367 426
368 427
369 428
370 429
371 430
372 431
373 432
374 433
375 434
376 435
377 436
378 437
379 438
380 439
381 440
382 441
383 442
384 443
385 444
386 445
387 446
388 447
389 448
390 449
391 450
392 451
393 452
394 453
395 454
396 455
397 456
398 457
399 458
400 459
401 460
402 461
403 462
404 463
405 464
406 465
407 466
408 467
409 468
410 469
411 470
412 471
413 472
414 473
415 474
416 475
417 476
418 477
419 478
420 479
421 480
422 481
423 482
424 483
425 484
426 485
427 486
428 487
429 488
430 489
431 490
432 491
433 492
434 493
435 494
436 495
437 496
438 497
439 498
440 499
441 500
442 501
443 502
444 503
445 504
446 505
447 506
448 507
449 508
450 509
451 510
452 511
453 512
454 513
455 514
456 515
457 516
458 517
459 518
460 519
461 520
462 521
463 522
464 523
465 524
466 525
467 526
468 527
469 528
470 529
471 530
472 531
473 532
474 533
475 534
476 535
477 536
478 537
479 538
480 539
481 540
482 541
483 542
484 543
485 544
486 545
487 546
488 547
489 548
490 549
491 550
492 551
493 552
494 553
495 554
496 555
497 556
498 557
499 558
500 559
501 560
502 561
503 562
504 563
505 564
506 565
507 566
508 567
509 568
510 569
511 570
512 571
513 572
514 573
515 574
516 575
517 576
518 577
519 578
520 579
521 580
522 581
523 582
524 583
525 584
526 585
527 586
528 587
529 588
530 589
531 590
532 591
533 592
534 593
535 594
536 595
537 596
538 597
539 598
540 599
541 600
542 601
543 602
544 603
545 604
546 605
547 606
548 607
549 608
550 609
551 610
552 611
553 612
554 613
555 614
556 615
557 616
558 617
559 618
560 619
561 620
562 621
563 622
564 623
565 624
566 625
567 626
568 627
569 628
570 629
571 630
572 631
573 632
574 633
575 634
576 635
577 636
578 637
579 638
580 639
581 640
582 641
583 642
584 643
585 644
586 645
587 646
588 647
589 648
590 649
591 650
592 651
593 652
594 653
595 654
596 655
597 656
598 657
599 658
600 659
601 660
602 661
603 662
604 663
605 664
606 665
607 666
608 667
609 668
610 669
611 670
612 671
613 672
614 673
615 674
616 675
617 676
618 677
619 678
620 679
621 680
622 681
623 682
624 683
625 684
626 685
627 686
628 687
629 688
630 689
631 690
632 691
633 692
634 693
635 694
636 695
637 696
638 697
639 698
640 699
641 700
642 701
643 702
644 703
645 704
646 705
647 706
648 707
649 708
650 709
651 710
652 711
653 712
654 713
655 714
656 715
657 716
658 717
659 718
660 719
661 720
662 721
663 722
664 723
665 724
666 725
667 726
668 727
669 728
670 729
671 730
672 731
673 732
674 733
675 734
676 735
677 736
678 737
679 738
680 739
681 740
682 741
683 742
684 743
685 744
686 745
687 746
688 747
689 748
690 749
691 750
692 751
693 752
694 753
695 754
696 755
697 756
698 757
699 758
700 759
701 760
702 761
703 762
704 763
705 764
706 765
707 766
708 767
709 768
710 769
711 770
712 771
713 772
714 773
715 774
716 775
717 776
718 777
719 778
720 779
721 780
722 781
723 782
724 783
725 784
726 785
727 786
728 787
729 788
730 789
731 790
732 791
733 792
734 793
735 794
736 795
737 796
738 797
739 798
740 799
741 800
742 801
743 802
744 803
745 804
746 805
747 806
748 807
749 808
750 809
751 810
752 811
753 812
754 813
755 814
756 815
757 816
758 817
759 818
760 819
761 820
762 821
763 822
764 823
765 824
766 825
767 826
768 827
769 828
770 829
771 830
772 831
773 832
774 833
775 834
776 835
777 836
778 837
779 838
780 839
781 840
782 841
783 842
784 843
785 844
786 845
787 846
788 847
789 848
790 849
791 850
792 851
793 852
794 853
795 854
796 855
797 856
798 857
799 858
800 859
801 860
802 861
803 862
804 863
805 864
806 865
807 866
808 867
809 868
810 869
811 870
812 871
813 872
814 873
815 874
816 875
817 876
818 877
819 878
820 879
821 880
822 881
823 882
824 883
825 884
826 885
827 886
828 887
829 888
830 889
831 890
832 891
833 892
834 893
835 894
836 895
837 896
838 897
839 898
840 899
841 900
842 901
843 902
844 903
845 904
846 905
847 906
848 907
849 908
850 909
851 910
852 911
853 912
854 913
855 914
856 915
857 916
858 917
859 918
860 919
861 920
862 921
863 922
864 923
865 924
866 925
867 926
868 927
869 928
870 929
871 930
872 931
873 932
874 933
875 934
876 935
877 936
878 937
879 938
880 939
881 940
882 941
883 942
884 943
885 944
886 945
887 946
888 947
889 948
890 949
891 950
892 951
893 952
894 953
895 954
896 955
897 956
898 957
899 958
900 959
901 960
902 961
903 962
904 963
905 964
906 965
907 966
908 967
909 968
910 969
911 970
912 971
913 972
914 973
915 974
916 975
917 976
918 977
919 978
920 979
921 980
922 981
923 982
924 983
925 984
926 985
927 986
928 987
929 988
930 989
931 990
932 991
933 992
934 993
935 994
936 995
937 996
938 997
939 998
940 999
941 10000
942 10001
943 10002
944 10003
945 10004
946 10005
947 10006
948 10007
949 10008
950 10009
951 10010
952 10011
953 10012
954 10013
955 10014
956 10015
957 10016
958 10017
959 10018
960 10019
961 10020
962 10021
963 10022
964 10023
965 10024
966 10025
967 10026
968 10027
969 10028
970 10029
971 10030
972 10031
973 10032
974 10033
975 10034
976 10035
977 10036
978 10037
979 10038
980 10039
981 10040
982 10041
983 10042
984 10043
985 10044
986 10045
987 10046
988 10047
989 10048
990 10049
991 10050
992 10051
993 10052
994 10053
995 10054
996 10055
997 10056
998 10057
999 10058
1000 10059
1001 10060
1002 10061
1003 10062
1004 10063
1005 10064
1006 10065
1007 10066
1008 10067
1009 10068
1010 10069
1011 10070
1012 10071
1013 10072
1014 10073
1015 10074
1016 10075
1017 10076
1018 10077
1019 10078
1020 10079
1021 10080
1022 10081
1023 10082
1024 10083
1025 10084
1026 10085
1027 10086
1028 10087
1029 10088
1030 10089
1031 10090
1032 10091
1033 10092
1034 10093
1035 10094
1036 10095
1037 10096
1038 10097
1039 10098
1040 10099
1041 10100
1042 10101
1043 10102
1044 10103
1045 10104
1046 10105
1047 10106
1048 10107
1049 10108
1050 10109
1051 10110
1052 10111
1053 10112
1054 10113
1055 10114
1056 10115
1057 10116
1058 10117
1059 10118
1060 10119
1061 10120
1062 10121
1063 10122
1064 10123
1065 10124
1066 10125
1067 10126
1068 10127
1069 10128
1070 10129
1071 10130
1072 10131
1073 10132
1074 10133
1075 10134
1076 10135
1077 10136
1078 10137
1079 10138
1080 10139
1081 10140
1082 10141
1083 10142
1084 10143
1085 10144
1086 10145
1087 10146
1088 10147
1089 10148
1090 10149
1091 10150
1092 10151
1093 10152
1094 10153
1095 10154
1096 10155
1097 10156
1098 10157
1099 10158
1100 10159
1101 10160
1102 10161
1103 10162
1104 10163
1105 10164
1106 10165
1107 10166
1108 10167
1109 10168
1110 10169
1111 10170
1112 10171
1113 10172
1114 10173
1115 10174
1116 10175
1117 10176
1118 10177
1119 10178
1120 10179
1121 10180
1122 10181
1123 10182
1124 10183
1125 10184
1126 10185
1127 10186
1128 10187
1129 10188
1130 10189
1131 10190
1132 10191
1133 10192
1134 10193
1135 10194
1136 10195
1137 10196
1138 10197
1139 10198
1140 10199
1141 10200
1142 10201
1143 10202
1144 10203
1145 10204
1146 10205
1147 10206
1148 10207
1149 10208
1150 10209
1151 10210
1152 10211
1153 10212
1154 10213
1155 10214
1156 10215
1157 10216
1158 10217
1159 10218
1160 10219
1161 10220
1162 10221
1163 10222
1164 10223
1165 10224
1166 10225
1167 10226
1168 10227
1169 10228
1170 10229
1171 10230
1172 10231
1173 10232
1174 10233
1175 10234
1176 10235
1177 10236
1178 10237
1179 10238
1180 10239
1181 10240
1182 10241
1183 10242
1184 10243
1185 10244
1186 10245
1187 10246
1188 10247
1189 10248
1190 10249
1191 10250
1192 10251
1193 10252
1194 10253
1195 10254
1196 10255
1197 10256
1198 10257
1199 10258
1200 10259
1201 10260
1202 10261
1203 10262
1204 10263
1205 10264
1206 10265
1207 10266
1208 10267
1209 10268
1210 10269
1211 10270
1212 10271
1213 10272
1214 10273
1215 10274
1216 10275
1217 10276
1218 10277
1219 10278
1220 10279
1221 10280
1222 10281
1223 10282
1224 10283
1225 10284
1226 10285
1227 10286
1228 10287
1229 10288
1230 10289
1231 10290
1232 10291
1233 10292
1234 10293
1235 10294
1236 10295
1237 10296
1238 10297
1239 10298
1240 10299
1241 10300
1242 10301
1243 10302
1244 10303
1245 10304
1246 10305
1247 10306
1248 10307
1249 10308
1250 10309
1251 10310
1252 10311
1253 10312
1254 10313
1255 10314
1256 10315
1257 10316
1258 10317
1259 10318
1260 10319
1261 10320
1262 10321
1263 10322
1264 10323
1265 10324
1266 10325
1267 10326
1268 10327
1269 10328
1270 10329
1271 10330
1272 10331
1273 10332
1274 10333
1275 10334
1276 10335
1277 10336
1278 10337
1279 10338
1280 10339
1281 10340
1282 10341
1283 10342
1284 10343
1285 10344
1286 10345
1287 10346
1288 10347
1289 10348
1290 10349
1291 10350
1292 10351
1293 10352
1294 10353
1295 10354
1296 10355
1297 10356
1298 10357
1299 10358
1300 10359
1301 10360
1302 10361
1303 10362
1304 10363
1305 10364
1306 10365
1307 10366
1308 10367
1309 10368
1310 10369
1311 10370
1312 10371
1313 10372
1314 10373
1315 10374
1316 10375
1317 10376
1318 10377
1319 10378
1320 10379
1321 10380
1322 10381
1323 10382
1324 10383
1325 10384
1326 10385
1327 10386
1328 10387
1329 10388
1330 10389
1331 10390
1332 10391
1333 10392
1334 10393
1335 10394
1336 10395
1337 10396
1338 10397
1339 10398
1340 10399
1341 10400
1342 10401
1343 10402
1344 10403
1345 10404
1346 10405
1347 10406
1348 10407
1349 10408
1350 10409
1351 10410
1352 10411
1353 10412
1354 10413
1355 10414
1356 10415
1357 10416
1358 10417
1359 10418
1360 10419
1361 10420
1362 10421
1363 10422
1364 10423
1365 10424
1366 10425
1367 10426
1368 10427
1369 10428
1370 10429
1371 10430
1372 10431
1373 10432
1374 10433
1375 10434
1376 10435
1377 10436
1378 10437
1379 10438
1380 10439
1381 10440
1382 10441
1383 10442
1384 10443
1385 10444
1386 10445
1387 10446
1388 10447
1389 10448
1390 10449
1391 10450
1392 10451
1393 10452
1394 10453
1395 10454
1396 10455
1397 10456
1398 10457
1399 10458
1400 10459
1401 10460
1402 10461
1403 10462
1404 10463
1405 10464
1406 10465
1407 10466
1408 10467
1409 10468
1410 10469
1411 10470
1412 10471
1413 10472
1414 10473
1415 10474
1416 10475
1417 10476
1418 10477
1419 10478
1420 10479
1421 10480
1422 10481
1423 10482
1424 10483
1425 10484
1426 10485
1427 10486
1428 10487
1429 10488
1430 10489
1431 10490
1432 10491
1433 10492
1434 10493
1435 10494
1436 10495
1437 10496
1438 10497
1439 10498
1440 10499
1441 10500
1442 10501
1443 10502
1444 10503
1445 10504
1446 10505
1447 10506
1448 10507
1449 10508
1450 10509
1451 10510
1452 10511
1453 10512
1454 10513
1455 10514
1456 10515
1457 10516
1458 10517
1459 10518
1460 10519
1461 10520
1462 10521
1463 10522
1464 10523
1465 10524
1466 10525
1467 10526
1468 10527
1469 10528
1470 10529
1471 10530
1472 10531
1473 10532
1474 10533
1475 10534
1476 10535
1477 10536
1478 10537
1479 10538
1480 10539
1481 10540
1482 10541
1483 10542
1484 10543
1485 10544
1486 10545
1487 10546
1488 10547
1489 10548
1490 10549
1491 10550
1492 10551
1493 10552
1494 10553
1495 10554
1496 10555
1497 10556
1498 10557
1499 10558
1500 10559
1501 10560
1502 10561
1503 10562
1504 10563
1505 10564
1506 10565
1507 10566
1508 10567
1509 10568
1510 10569
1511 10570
1512 10571
1513 10572
1514 10573
1515 10574
1516 10575
1517 10576
1518 10577
1519 10578
1520 10579
1521 10580
1522 10581
1523 10582
1524 10583
1525 10584
1526 10585
1527 10586
1528 10587
1529 10588
1530 10589
1531 10590
1532 10591
1533 10592
1534 10593
1535 10594
1536 10595
1537 10596
1538 10597
1539 10598
1540 10599
1541 10600
1542 10601
1543 10602
1544 10603
1545 10604
1546 10605
1547 10606
1548 10607
1549 10608
1550 10609
1551 10610
1552 10611
1553 10612
1554 10613
1555 10614
1556 10615
1557 10616
1558 10617
1559 10618
1560 10619
1561 10620
1562 10621
1563 10622
1564 10623
1565 10624
1566 10625
1567 10626
1568 10627
1569 10628
1570 10629
1571 10630
1572 10631
1573 10632
1574 10633
1575 10634
1576 10635
1577 10636
1578 10637
1579 10638
1580 10639
1581 10640
1582 10641
1583 10642
1584 10643
1585 10644
1586 10645
1587 10646
1588 10647
1589 10648
1590 10649
1591 10650
1592 10651
1593 10652
1594 10653
1595 10654
1596 10655
1597 10656
1598 10657
1599 10658
1600 10659
1601 10660
1602 10661
1603 10662
1604 10663
1605 10664
1606 10665
1607 10666
1608 10667
1609 10668
1610 10669
1611 10670
1612 10671
1613 10672
1614 10673
1615 10674
1616 10675
1617 10676
1618 10677
1619 10678
1620 10679
1621 10680
1622 10681
1623 10682
1624 10683
1625 10684
1626 10685
1627 10686
1628 10687
1629 10688
1630 10689
1631 10690
1632 10691
1633 10692
1634 10693
1635 10694
1636 10695
1637 10696
1638 10697
1639 10698
1640 10699
1641 10700
1642 10701
1643 10702
1644 10703
1645 10704
1646 10705
1647 10706
1648 10707
1649 10708
1650 10709
1651 10710
1652 10711
1653 10712
1654 10713
1655 10714
1656 10715
1657 10716
1658 10717
1659 10718
1660 10719
1661 10720
1662 10721
1663 10722
1664 10723
1665 10724
1666 10725
1667 10726
1668 10727
1669 10728
1670 10729
1671 10730
1672 10731
1673 10732
1674 10733
1675 10734
1676 10735
1677 10736
1678 10737
1679 10738
1680 10739
1681 10740
1682 10741
1683 10742
1684 10743
1685 10744
1686 10745
1687 10746
1688 10747
1689 10748
1690 10749
1691 10750
1692 10751
1693 10752
1694 10753
1695 10754
1696 10755
1697 10756
1698 10757
1699 10758
1700 10759
1701 10760
1702 10761
1703 10762
1704 10763
1705 10764
1706 10765
1707 10766
1708 10767
1709 10768
1710 10769
1711 10770
1712 10771
1713 10772
1714 10773
1715 10774
1716 10775
1717 10776
1718 10777
1719 10778
1720 10779
1721 10780
1722 10781
1723 10782
1724 10783
1725 10784
1726 10785
1727 10786
1728 10787
1729 10788
1730 10789
1731 10790
1732 10791
1733 10792
1734 10793
1735 10794
1736 10795
1737 10796
1738 10797
1739 10798
1740 10799
1741 10800
1742 10801
1743 10802
1744 10803
1745 10804
1746 10805
1747 10806
1748 10807
1749 10808
1750 10809
1751 10810
1752 10811
1753 10812
1754 10813
1755 10814
1756 10815
1757 10816
1758 10817
1759 10818
1760 10819
1761 10820
1762 10821
1763 10822
1764 10823
1765 10824
1766 10825
1767 10826
1768 10827
1769 10828
1770 10829
1771 10830
1772 10831
1773 10832
1774 10833
1775 10834
1776 10835
1777 10836
1778 10837
1779 10838
1780 10839
1781 10840
1782 10841
1783 10842
1784 10843
1785 10844
1786 10845
1787 10846
1788 10847
1789 10848
1790 10849
1791 10850
1792 10851
1793 10852
1794 10853
1795 10854
1796 10855
1797 10856
1798 10857
1799 10858
1800 10859
1801 10860
1802 10861
1803 10862
1804 10863
1805 10864
1806 10865
1807 10866
1808 10867
1809 10868
1810 10869
1811 10870
1812 10871
1813 10872
1814 10873
1815 10874
1816 10875
1817 10876
1818 10877
1819 10878
1820 10879
1821 10880
1822 10881
1823 10882
1824 10883
1825 10884
1826 10885
1827 10886
1828 10887
1829 10888
1830 10889
1831 10890
1832 10891
1833 10892
1834 10893
1835 10894
1836 10895
1837 10896
1838 10897
1839 10898
1840 10899
1841 10900
1842 10901
1843 10902
1844 10903
1845 10904
1846 10905
1847 10906
1848 10907
1849 10908
1850 10909
1851 10910
1852 10911
1853 10912
1854 10913
1855 10914
1856 10915
1857 10916
1858 10917
1859 10918
1860 10919
1861 10920
1862 10921
1863 10922
1864 10923
1865 10924
1866 10925
1867 10926
1868 10927
1869 10928
1870 10929
1871 10930
1872 10931
1873 10932
1874 10933
1875 10934
1876 10935
1877 10936
1878 10937
1879 10938
1880 10939
1881 10940
1882 10941
1883 10942
1884 10943
1885 10944
1886 10945
1887 10946
1888 10947
1889 10948
1890 10949
1891 10950
1892 10951
1893 10952
1894 10953
1895 10954
1896 10955
1897 10956
1898 10957
1899 10958
1900 10959
1901 10960
1902 10961
1903 10962
1904 10963
1905 10964
1906 10965
1907 10966
1908 10967
1909 10968
1910 10969
1911 10970
1912 10971
1913 10972
1914 10973
1915 10974
1916 10975
1917 10976
1918 10977
1919 10978
1920 10979
1921 10980
1922 10981
1923 10982
1924 10983
1925 10984
1926 10985
1927 10986
1928 10987
1929 10988
1930 10989
1931 10990
1932 10991
1933 10992
1934 10993
1935 10994
1936 10995
1937 10996
1938 10997
1939 10998
1940 10999
1941 11000
1942 11001
1943 11002
1944 11003
1945 11004
1946 11005
1947 11006
1948 11007
1949 11008
1950 11009
1951 11010
1952 11011
1953 11012
1954 11013
1955 11014
1956 11015
1957 11016
1958 11017
1959 11018
1960 11019
1961 11020
1962 11021
1963 11022
1964 11023
1965 11024
1966 11025
1967 11026
1968 11027
1969 11028
1970 11029
1971 11030
1972 11031
1973 11032
1974 11033
1975 11034
1976 11035
1977 11036
1978 11037
1979 11038
1980 11039
1981 11040
1982 11041
1983 11042
1984 11043
1985 11044
1986 11045
1987 11046
1988 11047
1989 11048
1990 11049
1991 11050
1992 11051
1993 11052
1994 11053
1995 11054
1996 11055
1997 11056
1998 11057
1999 11058
2000 11059
2001 11060
2002 11061
2003 11062
2004 11063
2005 11064
2006 11065
2007 11066
2008 11067
2009 11068
2010 11069
2011 11070
2012 11071
2013 11072
2014 11073
2015 11074
2016 11075
2017 11076
2018 11077
2019 11078
2020 11079
2021 11080
2022 11081
2023 11082
2024 11083
2025 11084
2026 11085
2027 11086
2028 11087
2029 11088
2030 11089
2031 11090
2032 11091
2033 11092
2034 11093
2035 11094
2036 11095
2037 11096
2038 11097
2039 11098
2040 11099
2041 11100
2042 11101
2043 11102
2044 11103
2045 11104
2046 11105
2047 11106
2048 11107
2049 11108
2050 11109
2051 11110
2052 11111
2053 11112
2054 11113
2055 11114
2056 11115
2057 11116
2058 11117
2059 11118
2060 11119
2061 11120
2062 11121
2063 11122
2064 11123
2065 11124
2066 11125
2067 11126
2068 11127
2069 11128
2070 11129
2071 11130
2072 11131
2073 11132
2074 11133
2075 11134
2076 11135
2077 11136
2078 11137
2079 11138
2080 11139
2081 11140
2082 11141
2083 11142
2084 11143
2085 11144
2086 11145
2087 11146
2088 11147
2089 11148
2090 11149
2091 11150
2092 11151
2093 11152
2094 11153
2095 11154
2096 11155
2097 11156
2098 11157
2099 11158
2100 11159
2101 11160
2102 11161
2103 11162
2104 11163
2105 11164
2106 11165
2107 11166
2108 11167
2109 11168
2110 11169
2111 11170
2112 11171
2113 11172
2114 11173
2115 11174
2116 11175
2117 11176
2118 11177
2119 11178
2120 11179
2121 11180
2122 11181
2123 11182
2124 11183
2125 11184
2126 11185
2127 11186
2128 11187
2129 11188
2130 11189
2131 11190
2132 11191
2133 11192
2134 11193
2135 11194
2136 11195
2137 11196
2138 11197
2139 11198
2140 11199
2141 11200
2142 11201
2143 11202
2144 11203
2145 11204
2146 11205
2147 11206
2148 11207
2149 11208
2150 11209
2151 11210
2152 11211
2153 11212
2154 11213
2155 11214
2156 11215
2157 11216
2158 11217
2159 11218
2160 11219
2161 11220
2162 11221
2163 11222
2164 11223
2165 11224
2166 11225
2167 11226
2168 11227
2169 11228
2170 11229
2171 11230
2172 11231
2173 11232
2174 11233
2175 11234
2176 11235
2177 11236
2178 11237
2179 11238
2180 11239
2181 11240
2182 11241
2183 11242
2184 11243
2201 11244
2202 11245
2203 11246
2204 11247
2205 11248
2206 11249
2207 11250
2208 11251
2209 11252
2220 11253
2221 11254
2222 11255
2223 11256
2224 11257
2225 11258
2226 11259
2227 11260
2228 11261
2229 11262
2230 11263
2231 11264
2232 11265
2233 11266
2234 11267
2235 11268
2236 11269
2245 11270
2246 11271
2247 11272
2248 11273
2249 11274
2250 11275
2251 11276
2252 11277
2253 11278
2254 11279
2255 11280
2256 11281
2257 11282
2258 11283
2259 11284
2260 11285
2261 11286
2262 11287
2263 11288
2264 11289
2265 11290
2266 11291
2267 11292
2268 11293
2269 11294
2270 11295
2271 11296
2272 11297
2273 11298
2274 11299
2275 11300
2276 11301
2277 11302
2278 11303
2279 11304
2280 11305
2281 11306
2282 11307
2283 11308
2284 11309
2285 11310
2286 11311
2287 11312
2288 11313
2289 11314
2290 11315
2291 11316
2292 11317
2293 11318
2294 11319
2295 11320
2296 11321
2297 11322
2298 11323
2299 11324
2300 11325
2301 11326
2302 11327
2303 11328
2304 11329
2305 11330
2306 11331
2307 11332
2308 11333
2309 11334
2310 11335
2311 11336
2312 11337
2313 11338
2314 11339
2315 11340
2316 11341
2317 11342
2318 11343
2319 11344
2320 11345
2321 11346
2322 11347
2323 11348
2324 11349
2325 11350
2326 11351
2327 11352
2338 11353
2339 11354
2340 11355
2341 11356
2342 11357
2343 11358
2344 11359
2345 11360
2346 11361
2347 11362
2348 11363
2349 11364
2350 11365
2351 11366
2352 11367
2353 11368
2354 11369
2355 11370
2366 11371
2367 11372
2368 11373
2369 11374
2370 11375
2371 11376
2372 11377
2373 11378
2374 11379
2375 11380
2376 11381
2377 11382
2378 11383
2379 11384
2380 11385
2381 11386
2382 11387
2383 11388
2384 11389
2385 11390
2386 11391
2387 11392
2388 11393
2389 11394
2390 11395
2391 11396
2392 11397
2393 11398
2394 11399
2395 11400
2396 11401
2397 11402
2398 11403
2399 11404
2400 11405
2401 11406
2402 11407
2403 11408
2404 11409
2405 11410
2406 11411
2407 11412
2408 11413
2409 11414
2410 11415
2411 11416
2412 11417
2413 11418
2414 11419
2415 11420
2416 11421
2417 11422
2418 11423
2419 11424
2420 11425
2421 11426
2422 11427
2423 11428
2424 11429
2425 11430
2426 11431
2427 11432
2428 11433
2429 11434
2430 11435
2431 11436
2432 11437
2433 11438
2434 11439
2435 11440
2436 11441
2437 11442
2438 11443
2439 11444
2440 11445
2441 11446
2442 11447
2443 11448
2444 11449
2445 11450
2446 11451
2447 11452
2448 11453
2449 11454
2450 11455
2451 11456
2452 11457
2453 11458
2454 11459
2455 11460
2456 11461
2457 11462
2458 11463
2459 11464
2460 11465
2461 11466
2462 11467
2463 11468
2464 11469
2465 11470
2466 11471
2467 11472
2468 11473
2469 11474
2470 11475
2471 11476
2472 11477
2473 11478
2474 11479
2475 11480
2476 11481
2477 11482
2478 11483
2479 11484
2480 11485
2481 11486
2482 11487
2483 11488
2484 11489
2485 11490
2486 11491
2487 11492
2488 11493
2489 11494
2490 11495
2491 11496
2492 11497
2493 11498
2494 11499
2495 11500
2496 11501
2497 11502
2498 11503
2499 11504
2500 11505
2501 11506
2502 11507
2503 11508
2504 11509
2505 11510
2506 11511
2507 11512
2508 11513
2509 11514
2510 11515
2511 11516
2512 11517
2513 11518
2514 11519
2515 11520
2516 11521
2517 11522
2518 11523
2519 11524
2520 11525
2521 11526
2522 11527
2523 11528
2524 11529
2525 11530
2526 11531
2527 11532
2528 11533
2529 11534
2530 11535
2531 11536
2532 11537
2533 11538
2534 11539
2535 11540
2536 11541
2537 11542
2538 11543
2539 11544
2540 11545
2541 11546
2542 11547
2543 11548
2544 11549
2545 11550
2546 11551
2547 11552
2548 11553
2549 11554
2591 11555
2592 11556
2593 11557
2594 11558
2595 11559
2596 11560
2597 11561
2598 11562
2599 11563
2600 11564
2612 11565
2613 11566
2614 11567
2615 11568
2616 11569
2617 11570
2618 11571
2619 11572
2620 11573
2621 11574
2622 11575
2623 11576
2624 11577
2625 11578
2626 11579
2627 11580
2628 11581
2629 11582
2630 11583
2631 11584
2632 11585
2633 11586
2634 11587
2635 11588
2636 11589
2637 11590
2638 11591
2639 11592
2640 11593
2641 11594
2642 11595
2643 11596
2644 11597
2645 11598
2646 11599
2647 11600
2648 11601
2649 11602
2650 11603
2651 11604
2652 11605
2653 11606
2654 11607
2655 11608
2656 11609
2657 11610
2658 11611
2659 11612
2660 11613
2661 11614
2662 11615
2663 11616
2664 11617
2665 11618
2666 11619
2667 11620
2668 11621
2669 11622
2670 11623
2671 11624
2672 11625
2673 11626
2674 11627
2675 11628
2676 11629
2677 11630
2678 11631
2679 11632
2680 11633
2681 11634
2682 11635
2683 11636
2684 11637
2685 11638
2686 11639
2687 11640
2688 11641
2689 11642
2690 11643
2691 11644
2692 11645
2693 11646
2694 11647
2695 11648
2696 11649
2697 11650
2698 11651
2699 11652
2700 11653
2701 11654
2702 11655
2703 11656
2704 11657
2705 11658
2706 11659
2707 11660
2708 11661
2709 11662
2710 11663
2711 11664
2712 11665
2713 11666
2714 11667
2715 11668
2716 11669
2717 11670
2718 11671
2719 11672
2720 11673
2721 11674
2722 11675
2723 11676
2724 11677
2725 11678
2726 11679
2727 11680
2728 11681
2729 11682
2730 11683
2731 11684
2732 11685
2733 11686
2734 11687
2735 11688
2736 11689
2737 11690
2738 11691
2739 11692
2740 11693
2741 11694
2742 11695
2743 11696
2744 11697
2745 11698
2746 11699
2747 11700
2748 11701
2749 11702
2750 11703
2751 11704
2752 11705
2753 11706
2754 11707
2755 11708
2756 11709
2757 11710
2758 11711
2759 11712
2760 11713
2761 11714
2762 11715
2763 11716
2764 11717
2765 11718
2766 11719
2767 11720
2768 11721
2769 11722
2812 1522
2823 11723
2824 11724
2825 11725
2826 11726
2827 11727
2828 11728
2829 11729
2830 11730
2831 11731
2832 11732
2833 11733
2834 11734
2835 11735
2836 11736
2837 11737
2838 11738
2839 11739
2840 11740
2841 11741
2842 11742
2843 11743
2844 11744
2845 11745
2846 11746
2847 11747
2848 11748
2849 11749
2850 11750
2851 11751
2852 11752
2853 11753
2854 11754
2855 11755
2856 11756
2857 11757
2858 11758
2859 11759
2860 11760
2861 11761
2862 11762
2863 11763
2864 11764
2865 11765
2866 11766
2867 11767
2868 11768
2869 11769
2870 11770
2871 11771
2872 11772
2873 11773
2874 11774
2875 11775
2876 11776
2877 11777
2878 11778
2879 11779
2880 11780
2881 11781
2882 11782
2883 11783
2884 11784
2885 11785
2886 11786
2887 11787
2888 11788
2889 11789
2890 11790
2891 11791
2892 11792
2893 11793
2894 11794
2895 11795
2896 11796
2897 11797
2898 11798
2899 11799
2900 11800
2901 11801
2902 11802
2903 11803
2904 11804
2905 11805
2906 11806
2907 11807
2908 11808
2909 11809
2910 11810
2911 11811
2912 11812
2913 11813
2914 11814
2915 11815
2916 11816
2917 11817
2918 11818
2919 11819
2920 11820
2921 11821
2922 11822
2923 11823
2924 11824
2925 11825
2926 11826
2927 11827
2928 11828
2929 11829
2930 11830
2931 11831
2932 11832
2933 11833
2934 11834
2935 11835
2936 11836
2937 11837
2938 11838
2939 11839
2940 11840
2941 11841
2942 11842
2943 11843
2944 11844
2945 11845
2946 11846
2947 11847
2948 11848
2949 11849
2950 11850
2951 11851
2952 11852
2953 11853
2954 11854
2955 11855
2956 11856
2957 11857
2958 11858
2959 11859
2960 11860
2961 11861
2962 11862
2963 11863
2964 11864
2965 11865
2966 11866
2967 11867
2979 11868
2980 11869
2981 11870
2982 11871
2983 11872
2984 11873
2985 11874
2986 11875
2987 11876
2988 11888
2989 11889
2990 11890
2991 11891
2992 11892
2993 11893
2994 11894
2995 11895
2996 11896
2997 11897
2998 11898
2999 11877
3000 11878
3001 11879
3002 11880
3003 11881
3004 11882
3005 11883
3006 11884
3007 11885
3008 11886
3009 11887
3050 11899
3051 11900
3052 11901
3053 11902
3054 11903
3055 11904
3056 11905
3057 11906
3058 11907
3059 11908
3060 11909
3061 11910
3062 11911
3063 11912
3064 11913
3065 11914
3066 11915
3067 11916
3068 11917
3069 11918
3070 11919
3071 11920
3072 11921
3073 11922
3074 11923
3075 11924
3076 11925
3077 11926
3078 11927
3079 11928
3080 11929
3081 11930
3082 11931
3083 11932
3084 11933
3085 11934
3086 11935
3087 11936
3088 11937
3089 11938
3090 11939
3091 11940
3092 11941
3093 11942
3094 11943
3095 11944
3096 11945
3097 11946
3098 11947
3099 11948
3100 11949
3101 11950
3102 11951
3103 11952
3104 11953
3105 11954
3106 11955
3107 11956
3108 11957
3109 11958
3110 11959
3111 11960
3112 11961
3113 11962
3114 11963
3115 11964
3116 11965
3117 11966
3118 11967
3119 11968
3120 11969
3121 11970
3122 11971
3123 11972
3124 11973
3125 11974
3126 11975
3127 11976
3128 11977
3129 11978
3130 11979
3131 11980
3132 11981
3133 11982
3134 11983
3135 11984
3136 11985
3137 11986
3138 11987
3139 11988
3140 11989
3141 11990
3142 11991
3143 11992
3144 11993
3145 11994
3146 11995
3147 11996
3148 11997
3149 11998
3150 11999
3151 12000
3152 12001
3153 12002
3154 12003
3155 12004
3156 12005
3157 12006
3158 12007
3159 12008
3160 12009
3161 12010
3162 12011
3163 12012
3164 12013
3165 12014
3166 12015
3167 12016
3168 12017
3169 12018
3170 12019
3171 12020
3172 12021
3173 12022
3174 12023
3175 12024
3176 12025
3177 12026
3178 12027
3179 12028
3180 12029
3181 12030
3182 12031
3183 12032
3184 12033
3185 12034
3186 12035
3187 12036
3188 12037
3189 12038
3190 12039
3191 12040
3192 12041
3193 12042
3194 12043
3195 12044
3196 12045
3197 12046
3198 12047
3199 12048
3200 12049
3202 12050
3203 12051
3204 12052
3205 12053
3206 12054
3207 12055
3208 12056
3209 12057
3210 12058
3211 12059
3212 12060
3213 12061
3214 12062
3215 12063
3216 12064
3217 12065
3218 12066
3219 12067
3220 12068
3221 12069
3222 12070
3223 12071
3224 12072
3225 12073
3226 12074
3227 12075
3228 12076
3229 12077
3230 12078
3231 12079
3232 12080
3233 12081
3234 12082
3235 12083
3236 12084
3237 12085
3238 12086
3239 12087
3240 12088
3241 12089
3242 12090
3243 12091
3244 12092
3245 12093
3246 12094
3247 12095
3248 12096
3249 12097
3250 12098
3251 12099
3252 12100
3253 12101
3254 12102
3255 12103
3256 12104
3257 12105
3258 12106
3259 12107
3260 12108
3261 12109
3262 12110
3263 12111
3264 12112
3265 12113
3266 12114
3267 12115
3268 12116
3269 12117
3270 12118
3271 12119
3272 12120
3273 12121
3274 12122
3275 12123
3276 12124
3277 12125
3278 12126
3279 12127
3280 12128
3281 12129
3282 12130
3283 12131
3284 12132
3285 12133
3286 12134
3287 12135
3288 12136
3289 12137
3290 12138
3291 12139
3292 12140
3293 12141
3294 12142
3295 12143
3296 12144
3297 12145
3298 12146
3299 12147
3300 12148
3301 12149
3302 12150
3303 12151
3304 12152
3305 12153
3306 12154
3307 12155
3308 12156
3309 12157
3310 12158
3311 12159
3312 12160
3313 12161
3314 12162
3315 12163
3316 12164
3317 12165
3318 12166
3319 12167
3320 12168
3321 12169
3322 12170
3323 12171
3324 12172
3325 12173
3326 12174
3327 12175
3328 12176
3329 12177
3330 12178
3331 12179
3332 12180
3333 12181
3334 12182
3335 12183
3336 12184
3337 12185
3338 12186
3339 12187
3340 12188
3341 12189
3342 12190
3343 12191
3344 12192
3345 12193
3346 12194
3347 12195
3348 12196
3349 12197
3350 12198
3351 12199
3352 12200
3353 12201
3354 12202
3355 12203
3356 12204
3357 12205
3358 12206
3359 12207
3360 12208
3361 12209
3362 12210
3363 12211
3364 12212
3365 12213
3366 12214
3367 12215
3368 12216
3369 12217
3370 12218
3371 12219
3372 12220
3373 12221
3374 12222
3375 12223
3376 12224
3377 12225
3378 12226
3379 12227
3380 12228
3381 12229
3382 12230
3383 12231
3384 12232
3385 12233
3386 12234
3387 12235
3388 12236
3389 12237
3390 12238
3391 12239
3392 12240
3393 12241
3394 12242
3395 12243
3396 12244
3397 12245
3398 12246
3399 12247
3400 12248
3401 12249
3402 12250
3403 12251
3404 12252
3405 12253
3406 12254
3407 12255
3408 12256
3409 12257
3410 12258
3411 12259
3412 12260
3413 12261
3414 12262
3415 12263
3416 12264
3417 12265
3418 12266
3419 12267
3420 12268
3421 12269
3422 12270
3423 12271
3424 12272
3425 12273
3426 12274
3427 12275
3428 12276
3429 12277
3430 12278
3431 12279
3432 12280
3433 12281
3434 12282
3435 12283
3436 12284
3437 12285
3438 12286
3439 12287
3440 12288
3441 1000
3442 1001
3443 1002
3444 1003
3445 1004
3446 1005
3447 1006
3448 1007
3449 1008
3450 1009
3451 1010
3452 1011
3453 1012
3454 1013
3455 1014
3456 1015
3457 1016
3458 1017
3459 1018
3460 1019
3461 1020
3462 1021
3463 1022
3464 1023
3465 1024
3466 1025
3467 1026
3468 1027
3469 1028
3470 1029
3471 1030
3472 1031
3473 1032
3474 1033
3475 1034
3476 1035
3477 1036
3478 1037
3479 1038
3480 1039
3481 1040
3482 1041
3483 1042
3484 1043
3485 1044
3486 1045
3487 1046
3488 1047
3489 1048
3490 1049
3491 1050
3492 1051
3493 1052
3494 1053
3495 1054
3496 1055
3497 1056
3498 1057
3499 1058
3500 1059
3501 1060
3502 1061
3503 1062
3504 1063
3505 1064
3506 1065
3507 1066
3508 1067
3509 1068
3510 1069
3511 1070
3512 1071
3513 1072
3514 1073
3515 1074
3516 1075
3517 1076
3518 1077
3519 1078
3520 1079
3521 1080
3522 1081
3523 1082
3524 1083
3525 1084
3526 1085
3527 1086
3528 1087
3529 1088
3530 1089
3531 1090
3532 1091
3533 1092
3534 1093
3535 1094
3536 1095
3537 1096
3538 1097
3539 1098
3540 1099
3541 1100
3542 1101
3543 1102
3544 1103
3545 1104
3546 1105
3547 1106
3548 1107
3549 1108
3550 1109
3551 1110
3552 1111
3553 1112
3554 1113
3555 1114
3556 1115
3557 1116
3558 1117
3559 1118
3560 1119
3561 1120
3562 1121
3563 1122
3564 1123
3565 1124
3566 1125
3567 1126
3568 1127
3569 1128
3570 1129
3571 1130
3572 1131
3573 1132
3574 1133
3575 1134
3576 1135
3577 1136
3578 1137
3579 1138
3580 1139
3581 1140
3582 1141
3583 1142
3584 1143
3585 1144
3586 1145
3587 1146
3588 1147
3589 1148
3590 1149
3591 1150
3592 1151
3593 1152
3594 1153
3595 1154
3596 1155
3597 1156
3598 1157
3599 1158
3600 1159
3601 1160
3602 1161
3603 1162
3604 1163
3605 1164
3606 1165
3607 1166
3608 1167
3609 1168
3610 1169
3611 1170
3612 1171
3613 1172
3614 1173
3615 1174
3616 1175
3617 1176
3618 1177
3619 1178
3620 1179
3621 1180
3622 1181
3623 1182
3624 1183
3625 1184
3626 1185
3627 1186
3628 1187
3629 1188
3630 1189
3631 1190
3632 1191
3633 1192
3634 1193
3635 1194
3636 1195
3637 1196
3638 1197
3639 1198
3640 1199
3641 1200
3642 1201
3643 1202
3644 1203
3645 1204
3646 1205
3647 1206
3648 1207
3649 1208
3650 1209
3651 1210
3652 1211
3653 1212
3654 1213
3655 1214
3656 1215
3657 1216
3658 1217
3659 1218
3660 1219
3661 1220
3662 1221
3663 1222
3664 1223
3665 1224
3666 1225
3667 1226
3668 1227
3669 1228
3670 1229
3671 1230
3672 1231
3673 1232
3674 1233
3675 1234
3676 1235
3677 1236
3678 1237
3679 1238
3680 1239
3681 1240
3682 1241
3683 1242
3684 1243
3685 1244
3686 1245
3687 1246
3688 1247
3689 1248
3690 1249
3691 1250
3692 1251
3693 1252
3694 1253
3695 1254
3696 1255
3697 1256
3698 1257
3699 1258
3700 1259
3701 1260
3702 1261
3703 1262
3704 1263
3705 1264
3706 1265
3707 1266
3708 1267
3709 1268
3710 12289
3711 12290
3712 12291
3713 12292
3714 12293
3715 12294
3716 12295
3717 12296
3718 12297
3719 12298
3720 12299
3721 1269
3722 12300
3723 12301
3724 12302
3725 12303
3726 12304
3727 12305
3728 12306
3729 12307
3730 12308
3731 12309
3732 12310
3733 12311
3734 12312
3735 12313
3736 12314
3737 12315
3738 12316
3739 12317
3740 12318
3741 12319
3742 12320
3743 12321
3744 12322
3745 12323
3746 12324
3747 12325
3748 12326
3749 12327
3750 12328
3751 12329
3752 12330
3753 12331
3754 12332
3755 12333
3756 12334
3757 12335
3758 12336
3759 12337
3760 12338
3761 12339
3762 12340
3763 12341
3764 12342
3765 12343
3766 12344
3767 12345
135 136
3768 12346
3769 12347
3770 12348
3771 12349
3772 12350
3773 12351
3774 12352
3775 12353
3776 12354
3777 12355
3778 12356
3779 12357
3780 12358
3781 12359
3782 12360
3783 12361
3784 12362
3785 12363
3786 12364
3787 12365
3788 12366
3789 12367
3790 12368
3791 12369
3792 12370
3793 12371
3794 12372
3795 12373
3796 12374
3797 12375
3798 12376
3799 12377
3800 12378
3801 12379
3802 12380
3803 12381
3804 12382
3805 12383
3806 12384
3807 12385
3808 12386
3809 12387
3810 12388
3811 12389
3812 12390
3813 12391
3814 12392
3815 12393
3816 12394
3817 12395
3818 12396
3819 1270
3820 1271
3821 1272
3822 1273
3823 1274
3824 1275
3825 1276
3826 1277
3827 1278
3828 12397
3829 12398
3830 12399
3831 12400
3832 12401
3833 12402
3834 12403
3835 12404
3836 12405
3837 12406
3838 12407
3839 12408
3840 12409
3841 12410
3842 12411
3843 12412
3844 12413
3845 12414
3846 12415
3847 12416
3848 12417
3849 12418
3850 12419
3851 12420
3852 12421
3853 12422
3854 12423
3855 12424
3856 12425
3857 12426
3858 12427
3859 12428
3860 12429
3861 12430
3862 12431
3863 12432
3864 12433
3865 12434
3866 12435
3867 12436
3868 12437
3869 12438
3870 12439
3871 12440
3872 12441
3873 12442
3874 12443
3875 12444
3876 12445
3877 12446
3878 12447
3879 12448
3880 12449
3881 12450
3882 12451
3883 12452
3884 12453
3885 12454
3886 12455
3887 12456
3888 12457
3889 12458
3890 12459
3891 12460
3892 1279
3893 1280
3894 1281
3895 1282
3896 1283
3897 1284
3898 1285
3899 1286
3900 1287
3901 1288
3902 1289
3903 1290
3904 12461
3905 12462
3906 12463
3907 12464
3909 12465
3910 12466
3911 12467
3912 12468
3913 12469
3914 12470
3915 12471
3916 12472
3917 12473
3918 12474
3919 12475
3920 12476
3921 12477
3922 12478
3923 12479
3924 12480
3925 12481
3926 12482
3927 12483
3928 12484
3929 12485
3930 12486
3931 12487
3932 12488
3933 12489
3934 12490
3935 12491
3936 12492
3937 12493
3938 12494
3939 12495
3940 12496
3941 12497
3942 12498
3943 12499
3944 12500
3945 12501
3946 12502
3947 12503
3948 12504
3949 12505
3950 12506
3951 12507
3952 12508
3953 12509
3954 12510
3955 12511
3956 12512
3958 12513
3959 12514
3960 12515
3961 12516
3962 12517
3963 12518
3964 12519
3965 12520
3966 12521
3967 12522
3968 12523
3969 12524
3970 12525
3971 12526
3972 12527
3973 12528
3974 12529
3975 12530
3976 12531
3977 12532
3978 12533
3979 12534
3980 12535
3981 12536
3982 12537
3983 12538
3984 12539
3985 12540
3986 12541
3987 12542
3988 12543
3989 12544
3990 12545
3991 12546
3992 12547
3993 12548
3994 12549
3995 12550
3996 12551
3997 12552
3998 12553
3999 12554
4000 12555
4001 12556
4002 12557
4003 12558
4004 12559
4005 12560
4006 12561
4007 12562
4008 12563
4009 12564
4010 12565
4011 12566
4012 12567
4013 12568
4014 12569
4015 12570
4016 12571
4017 12572
4018 12573
4019 12574
4020 12575
4021 12576
4022 12577
4023 12578
4024 12579
4025 12580
4026 12581
4027 12582
4028 12583
4029 12584
4030 12585
4031 12586
4032 12587
4033 12588
4034 12589
4035 12590
4036 12591
4037 1291
4038 1292
4039 1293
4040 1294
4041 1295
4042 1296
4043 1297
4044 1298
4045 1299
4046 1300
4047 1301
4048 1302
4049 1303
4050 1304
4051 1305
4052 1306
4053 1307
4054 1308
4055 1309
4056 1310
4057 1311
4058 1312
4059 1313
4060 1314
4061 1315
4062 1316
4063 1317
4064 1318
4065 1319
4066 1320
4067 1321
4068 1322
4069 1323
4070 1324
4071 1325
4072 1326
4073 1327
4074 1328
4075 1329
4076 1330
4077 1331
4078 1332
4079 1333
4080 1334
4081 1335
4082 1336
4083 1337
4084 1338
4085 1339
4086 1340
4087 1341
4088 1342
4089 1343
4090 1344
4091 1345
4092 1346
4093 1347
4094 1348
4095 1349
4096 1350
4097 1351
4098 1352
4099 1353
4100 1354
4101 1355
4102 1356
4103 1357
4104 1358
4105 1359
4106 1360
4107 1361
4108 1362
4109 1363
4110 1364
4111 1365
4112 1366
4113 1367
4114 1368
4115 1369
4116 1370
4117 1371
4118 1372
4119 1373
4120 1374
4121 1375
4122 1376
4123 1377
4124 1378
4125 1379
4126 1380
4127 1381
4128 1382
4129 1383
4130 1384
4131 1385
4132 1386
4133 1387
4134 1388
4135 1389
4136 1390
4137 1391
4138 1392
4139 1393
4140 1394
4141 1395
4142 1396
4143 1397
4144 1398
4145 1399
4146 1400
4147 1401
4148 1402
4149 1403
4150 1404
4151 1405
4152 1406
4153 1407
4154 1408
4155 1409
4156 1410
4157 1411
4158 1412
4159 1413
4160 1414
4161 1415
4162 1416
4163 1417
4164 1418
4167 1421
4168 1422
4169 1423
4170 1424
4171 1425
4172 1426
4173 1427
4174 1428
4175 1429
4176 1430
4177 1431
4178 1432
4179 1433
4180 1434
4181 1435
4182 1436
4183 1437
4184 1438
4185 1439
4186 1440
4187 1441
4188 1442
4189 1443
4190 1444
4191 1445
4192 1446
4193 1447
4194 1448
4195 1449
4196 1450
4197 1451
4198 1452
4199 1453
4200 1454
4201 1455
4202 1456
4203 1457
4204 1458
4205 1459
4206 1460
4207 1461
4208 1462
4209 1463
4210 1464
4211 1465
4212 1466
4213 1467
4214 1468
4215 1469
4216 1470
4217 1471
4218 1472
4219 1473
4220 1474
4221 1475
4222 1476
4223 1477
4224 1478
4225 1479
4226 1480
4227 1481
4228 1482
4229 1483
4230 1484
4231 1485
4232 1486
4233 1487
4234 1488
4235 1489
4236 1490
4237 1491
4238 1492
4239 1493
4240 1494
4241 1495
4242 1496
4243 1497
4244 1498
4245 1499
4246 1500
4247 1501
4248 1502
4249 1503
4250 1504
4251 1505
4252 1506
4253 1507
4254 1508
4255 1509
4256 1510
4257 1511
4258 1512
4259 1513
4260 1514
4261 1515
4262 1516
4263 1517
4264 1518
4265 1519
4266 1520
4267 1521
4268 1419
4269 1420
4270 12592
4271 12593
4272 12594
4273 12595
4274 12596
4275 12597
4276 12598
4277 12599
4278 12600
4279 12601
4280 12602
4281 12603
4282 12604
4283 12605
4284 12606
4285 12607
4286 12608
4287 12609
4288 12610
4289 12611
4290 12612
4291 12613
4292 12614
4293 12615
4294 12616
4295 12617
4296 12618
4297 12619
4298 1523
4299 1524
4300 1525
4301 1526
4302 1527
4303 1528
4304 1529
4305 1530
4306 1531
4307 1532
4308 1533
4309 1534
4310 1535
4311 1536
4312 1537
4313 1538
4314 1539
4315 1540
4316 1541
4317 1542
4318 1543
4319 1544
4320 1545
4321 1546
4322 1547
4323 1548
4324 1549
4325 1550
4326 1551
4327 1552
4328 1553
4329 1554
4330 1555
4331 1556
4332 1557
4333 1558
4334 1559
4335 1560

4336 1561

4337 1562

4338 1563

4339 1564

4340 1565

4341 1566

4342 1567

4343 12620

4344 12621

4345 12622

4346 12623

4347 12624

4348 12625

4349 12626

4350 1568

4351 1569

4352 12627

4353 12628

4354 12629

4355 12630

4356 12631

4357 12632

4358 12633

4359 12634

4360 12635

4361 12636

4362 1570

4363 1571

4364 1572

4365 1573

4366 1574

4367 1575

4368 1576

4369 1577

4370 1578

4371 1579

4372 1580

4373 1581

4374 1582

4375 12646

4376 12647

4377 12648

4378 12649

4379 12650

4380 12651

4381 12652

4382 12653

4383 12654

4384 12655

4385 12637

4386 12638

4387 12639

4388 12640

4389 12641

4390 12642

4391 12643

4392 12644

4393 12645

4394 12656

4395 12657

4396 12658

4397 12659

4398 12660

4399 12661

4400 12662

4401 12663

4402 12664

4403 12665

4404 12666

4405 12667

4406 12668

4407 12669

4408 12670

4409 12671

4410 12672

4411 12673

4412 12674

4413 12675

4414 12676

4415 12677

4416 12678

4417 12679

4418 12680

4419 12681

4420 12682

4421 12683

4422 12684

4423 12685

4424 12686

4425 12687

4426 12688

4427 12689

4428 12690

4429 12691

4430 12692

4431 12693

4432 12694

4433 12695

4434 12696

4435 12697

4436 12698

4437 12699

4438 12700

4439 12701

4440 12702

4441 12703

4442 12704

4443 12705

4444 12706

4445 12707

4446 12708

4447 12709

4448 12710

4449 12711

4450 12712

4451 12713

4452 12714

4453 12715

4454 12716

4455 12717

4456 12718

4457 12719

4458 1583

4459 1584

4460 1585

4461 1586

4462 1587

4463 1588

4464 1589

4465 1590

4466 1591

4467 1592

4468 1593

4469 1594

4470 1595

4471 1596

4472 1597

4473 1598

4474 1599

4475 1600

4476 1601

4477 1602

4478 1603

4479 1604

4480 1605

4481 1606

4482 1607

4483 1608

4484 1609

4485 1610

4486 1611

4487 1612

4488 1613

4489 1614

4490 1615

4491 1616

4492 1617

4493 1618

4494 1619

4495 1620

4496 1621

4497 1622

4498 1623

4499 1624

4500 1625

4501 1626

4502 1627

4503 1628

4504 1629

4505 1630

4506 1631

4507 1632

4508 1633

4509 1634

4510 1635

4511 1636

4512 1637

4513 1638

4514 1639

4515 1640

4516 1641

4517 1642

4518 1643

4519 1644

4520 1645

4521 1646

4522 1647

4523 1648

4524 1649

4525 1650

4526 1651

4527 1652

4528 1653

4529 1654

4530 1655

4531 1656

4532 1657

4533 1658

4534 1659

4535 1660

4536 1661

4537 1662

4538 1663

4539 1664

4540 1665

4541 1666

4542 1667

4543 1668

4544 1669

4545 1670

4546 1671

4547 1672

4548 1673

4549 1674

4550 1675

4551 1676

4552 1677

4553 1678

4554 1679

4555 1680

4556 1681

4557 1682

4558 1683

4559 1684

4560 1685

4561 1686

4562 1687

4563 1688

4564 1689

4565 1690

4566 1691

4567 1692

4568 1693

4569 1694

4570 1695

4571 1696

4572 12720

4573 12721

4574 12722

4575 12723

4576 12724

4577 12725

4578 12726

4579 12727

4580 12728

4581 12729

4582 12730

4584 12731

4585 12732

4586 12733

4587 12734

4588 12735

4589 12736

4590 12737

4591 12738

4592 12739

4593 12740

4594 12741

4595 12742

4596 12743

4597 12744

4598 12745

4599 12746

4600 12747

4601 12748

4602 12749

4603 12750

4604 12751

4605 12752

4606 12753

4607 12754

4608 12755

4609 12756

4610 12757

4611 12758

4612 12759

4613 12760

4614 12761

4615 12762

4616 12763

4617 12764

4618 12765

4619 12766

4620 12767

4621 12768

4622 12769

4623 12770

4624 12771

4625 12772

4626 12773

4627 12774

4628 12775

4629 12776

4630 12777

4631 12778

4632 12779

4633 12780

4634 1697

4635 1698

4636 1699

4637 1700

4638 1701

4639 1702

4640 1703

4641 1704

4642 1705

4643 1706

4644 1707

4645 1708

4646 12781

4647 12782

4648 12783

4649 12784

4650 12785

4651 12786

4652 12787

4653 12788

4654 12789

4655 12790

4656 12791

4657 12792

4658 12793

4659 12794

4660 12795

4661 12796

4662 12797

4663 12798

4664 12799

4665 12800

4666 12801

4667 12802

4668 12803

4669 12804

4670 12805

4671 12806

4672 12807

4673 12808

4674 12809

4675 12810

4676 12811

4677 12812

4678 12813

4679 12814

4680 12815

4681 12816

4682 12817

4683 12818

4684 12819

4685 12820

4686 12821

4687 12822

4688 12823

4689 12824

4690 12825

4691 12826

4692 12827

4693 12828

4694 12829

4695 12830

4696 12831

4697 12832

4698 12833

4699 12834

4700 12835

4701 12836

4702 12837

4703 12838

4704 12839

4705 12840

4706 12841

4707 12842

4708 12843

4709 12844

4710 12845

4711 12846

4712 12847

4713 12848

4714 12849

4715 12850

4716 12851

4717 12852

4718 12853

4719 12854

4720 12855

4721 12856

4722 12857

4723 12858

4724 12859

4725 12860

4726 12861

4727 12862

4728 12863

4729 12864

4730 12865

4731 12866

4732 12867

4733 12868

4734 12869

4735 12870

4736 12871

4737 12872

4738 12873

4739 12874

4740 12875

4741 12876

4742 12877

4743 12878

4744 12879

4745 12880

4746 12881

4747 12882

4748 12883

4749 12884

4750 12885

4751 12886

4752 12887

4753 12888

4754 12889

4755 12890

4756 12891

4757 12892

4758 12893

4759 12894

4760 12895

4761 12896

4762 12897

4763 12898

4764 12899

4765 12900

4766 12901

4767 12902

4768 12903

4769 12904

4770 12905

4771 12906

4772 12907

4773 12908

4774 12909

4775 12910

4776 12911

4777 12912

4778 12913

4779 12914

4780 12915

4782 1709

4783 1710

4784 1711

4785 1712

4786 1713

4787 1714

4788 1715

4789 1716

4790 1717

4791 1718

4792 1719

4793 1720

4794 1721

4795 12916

4796 12917

4797 12918

4798 12919

4799 12920

4800 12921

4801 12922

4802 12923

4803 12924

4804 12925

4805 12926

4806 12927

4807 12928

4808 12929

4809 12930

4810 12931

4811 12932

4812 12933

4813 12934

4814 12935

4815 12936

4816 12937

4817 12938

4818 12939

4819 12940

4820 12941

4821 12942

4822 12943

4823 12944

4824 12945

4825 12946

4826 12947

4827 12948

4828 12949

4829 12950

4830 12951

4831 12952

4832 12953

4833 12954

4834 12955

4835 12956

4836 12957

4837 12958

4838 12959

4839 12960

4840 12961

4841 12962

4842 12963

4843 12964

4844 12965

4845 12966

4846 12967

4847 12968

4848 12969

4849 12970

4850 12971

4851 12972

4852 12973

4853 12974

4854 12975

4855 12976

4856 12977

4857 12978

4858 12979

4859 12980

4860 1722

4861 1723

4862 1724

4863 1725

4864 12981

4865 12982

4866 12983

4867 12984

4868 12985

4869 12986

4870 12987

4871 12988

4872 12989

4873 12990

4874 12991

4875 12992

4876 12993

4877 12994

4878 12995

4879 12996

4880 12997

4881 12998

4882 12999

4888 13000

4889 13001

4890 13002

4891 13003

4892 13004

4893 13005

4894 13006

4895 13007

4896 13008

4897 13009

4898 13010

4899 13011

4900 13012

4901 13013

4902 13014

4903 13015

4904 13016

4905 13017

4906 13018

4907 13019

4908 13020

4909 13021

4910 13022

4911 13023

4912 13024

4913 13025

4914 13026

4915 13027

4916 13028

4917 13029

4918 13030

4919 13031

4920 13032

4921 13033

4922 1726

4923 1727

4924 1728

4925 1729

4926 1730

4927 1731

4928 1732

4929 1733

4930 1734

4931 1735

4932 13034

4933 13035

4934 13036

4935 13037

4936 13038

4937 13039

4938 13040

4939 13041

4940 13042

4941 13043

4942 13044

4943 13045

4944 13046

4945 13047

4946 13048

4947 13049

4948 13050

4949 13051

4950 13052

4951 13053

4952 13054

4953 13055

4954 13056

4955 13057

4956 13058

4957 13059

4958 13060

4959 13061

4960 13062

4961 13063

4962 13064

4963 13065

4964 13066

4965 13067

4966 13068

4967 13069

4968 13070

4969 13071

4970 13072

4971 13073

4972 13074

4973 13075

4974 13076

4975 13077

4976 13078

4977 13079

4978 13080

4979 13081

4980 13082

4981 13083

4982 13084

4983 13085

4984 13086

4985 13087

4986 13088

4987 13089

4988 13090

4989 13091

4990 13092

4991 13093

4992 13094

4993 13095

4994 13096

4995 13097

4996 13098

4997 13099

4998 13100

4999 13101

5000 13102

5001 13103

5002 13104

5003 1736

5004 1737

5005 1738

5006 1739

5007 1740

5008 1741

5009 1742

5010 1743

5011 1744

5012 1745

5013 1746

5014 1747

5015 1748

5016 13105

5017 13106

5018 13107

5019 13108

5020 13109

5021 13110

5022 13111

5023 13112

5024 13113

5025 13114

5026 13115

5027 13116